1458672515 3
1458672986 36
1458673394 38
1458673479 39
1458673794 144
1458674055 146
1458676102 157
1458676591 158
1458677808 159
1458678091 158
1458682459 176
1458767365 177
1459598602 207
1459602984 210
1459618531 212
1459622789 217
1459624257 228
1459624631 233
1459673652 236
1459683246 241
1459930518 242
1460200671 413
1460201342 418
1460202169 419
1460202825 431
1460211227 454
1460211780 457
1460532646 458
1460532694 466
1461416675 474
1461422991 499
1461423222 494
1461425304 502
1461434953 565
1461435624 567
1461439137 602
1461439271 604
1461440472 601
1461440684 604
1461442644 609
1461443445 611
1461445929 635
1461446088 733
1461446519 609
1461446688 638
1461447544 623
1461487870 644
1461498148 643
1461501281 637
1461505437 676
1461506509 715
1461507577 742
1461508734 742
1461511657 722
1461514344 723
1461514369 723
1462399360 1000
1465034276 1075
1465042672 1106
1465051358 1084
1465062187 1058
1465140496 2036
1465307153 2692
1465308008 2863
1465308042 2863
1465316228 3116
1465316498 3152
1465317432 3093
1465317969 3152
1465318702 3243
1465319824 3213
1465328150 3307
1465328614 3420
1465329146 3394
1465333767 3530
1465334386 3582
1465338069 3674
1465340618 3864
1465343010 4118
1465344286 4130
1465347901 4514
1465347996 4514
1465348045 4604
1465351726 4604
1465351749 4634
1465351791 4998
1465370456 4998
1465509124 5048
1465509158 5100
1465513938 5117
1465517578 5175
1465521477 5303
1465522124 5304
1465522208 5303
1465522345 5303
1465539880 5303
1465541042 5344
1465565399 5500
1465568549 5710
